Date,Rank,Gross,Change,Theaters,Per Theater,Total Gross,Days
2009/12/18,1,26752099,0,3452,7750,26752099,1
2009/12/19,1,25529036,-0.0457183939099508,3452,7395,52281135,2
2009/12/20,1,24744346,-0.0307371574860876,3452,7168,77025481,3
2009/12/21,1,16385820,-0.337795389702359,3452,4747,93411301,4
2009/12/22,1,16086461,-0.0182693939027769,3452,4660,109497762,5
2009/12/23,2,16445291,0.0223063357440769,3452,4764,125943053,6
2009/12/24,1,11150998,-0.32193367694132,3452,3230,137094051,7
2009/12/25,2,23095046,1.07111919489179,3456,6683,160189097,8
2009/12/26,1,28274406,0.224262813765342,3456,8181,188463503,9
2009/12/27,1,24247681,-0.14241590079735,3456,7016,212711184,10
2009/12/28,1,19418139,-0.19917541805338,3456,5619,232129323,11
2009/12/29,1,18290628,-0.0580648330923988,3456,5292,250419951,12
2009/12/30,1,18466123,0.00959480450862604,3456,5343,268886074,13
2009/12/31,1,14738136,-0.201882495854707,3456,4265,283624210,14
2010/01/01,1,25274008,0.714871405719149,3461,7303,308898218,15
2010/01/02,1,25835551,0.022218201402801,3461,7465,334733769,16
2010/01/03,1,17381129,-0.327239856428841,3461,5022,352114898,17
2010/01/04,1,8094554,-0.534290666618952,3461,2339,360209452,18
2010/01/05,1,7327233,-0.0947947224763711,3461,2117,367536685,19
2010/01/06,1,6909167,-0.057056463196953,3461,1996,374445852,20
2010/01/07,1,6094445,-0.11791899081322,3461,1761,380540297,21
2010/01/08,1,13280653,1.17914067646849,3422,3881,393820950,22
2010/01/09,1,21269537,0.601543011476921,3422,6216,415090487,23
2010/01/10,1,15756027,-0.259220969408032,3422,4604,430846514,24
2010/01/11,1,5111193,-0.675603945080825,3422,1494,435957707,25
2010/01/12,1,5066734,-0.00869836063713503,3422,1481,441024441,26
2010/01/13,1,4743762,-0.0637436265649628,3422,1386,445768203,27
2010/01/14,1,4698802,-0.0094777098851081,3422,1373,450467005,28
2010/01/15,2,10394264,1.21210938447715,3285,3164,460861269,29
2010/01/16,1,17254108,0.659964380354396,3285,5252,478115377,30
2010/01/17,1,15137240,-0.122687768037617,3285,4608,493252617,31
2010/01/18,1,11615834,-0.232631972539248,3285,3536,504868451,32
2010/01/19,1,4190947,-0.639203952122594,3285,1276,509059398,33
2010/01/20,1,3792807,-0.0950000083513345,3285,1155,512852205,34
2010/01/21,1,3945213,0.0401829041129695,3285,1201,516797418,35
2010/01/22,1,9028494,1.28846807510773,3141,2874,525825912,36
2010/01/23,1,16326050,0.808280539367917,3141,5198,542151962,37
2010/01/24,1,9589537,-0.412623567856279,3141,3053,551741499,38
2010/01/25,1,3240192,-0.662111736990013,3141,1032,554981691,39
2010/01/26,1,3198046,-0.0130072538911274,3141,1018,558179737,40
2010/01/27,1,3137588,-0.0189046686633025,3141,999,561317325,41
2010/01/28,1,3155062,0.00556924618528631,3141,1004,564472387,42
2010/01/29,1,7439426,1.35793337817133,3074,2420,571911813,43
2010/01/30,1,13783881,0.852815123102239,3074,4484,585695694,44
2010/01/31,1,10056722,-0.270399824258494,3074,3272,595752416,45
2010/02/01,1,2700621,-0.731461106312773,3074,879,598453037,46
2010/02/02,1,2688514,-0.00448304297419,3074,875,601141551,47
2010/02/03,1,2647797,-0.0151447974606046,3074,861,603789348,48
2010/02/04,1,2703975,0.0212168833184718,3074,880,606493323,49
2010/02/05,2,6160319,1.27824554590926,3000,2053,612653642,50
2010/02/06,2,11539798,0.87324682374403,3000,3847,624193440,51
2010/02/07,1,5150764,-0.553652152316704,3000,1717,629344204,52
2010/02/08,1,2251567,-0.562867372684906,3000,751,631595771,53
2010/02/09,1,2025264,-0.100509112098374,3000,675,633621035,54
2010/02/10,1,1849314,-0.0868775626288721,3000,616,635470349,55
2010/02/11,1,2135304,0.154646533795775,3000,712,637605653,56
2010/02/12,4,4540671,1.1264751997842,2685,1691,642146324,57
2010/02/13,4,9200438,1.02622872258307,2685,3427,651346762,58
2010/02/14,4,9870516,0.0728310978238209,2685,3676,661217278,59
2010/02/15,3,5171224,-0.476093853654662,2685,1926,666388502,60
2010/02/16,4,1836327,-0.644895096402708,2685,684,668224829,61
2010/02/17,2,1711050,-0.0682215095677404,2685,637,669935879,62
2010/02/18,2,1785275,0.0433797960316764,2685,665,671721154,63
2010/02/19,4,3894018,1.18118665191637,2581,1509,675615172,64
2010/02/20,2,7456579,0.914880465370217,2581,2889,683071751,65
2010/02/21,2,4890260,-0.344168418251855,2581,1895,687962011,66
2010/02/22,2,1275037,-0.739270100158274,2581,494,689237048,67
2010/02/23,2,1262678,-0.00969305204476423,2581,489,690499726,68
2010/02/24,2,1202184,-0.0479092848691433,2581,466,691701910,69
2010/02/25,2,1202884,0.00058227359538976,2581,466,692904794,70
2010/02/26,4,3076750,1.55781106075066,2456,1253,695981544,71
2010/02/27,3,6639830,1.15806614122044,2456,2704,702621374,72
2010/02/28,3,3938694,-0.40680800562665,2456,1604,706560068,73
2010/03/01,4,1258677,-0.680432904917214,2456,512,707818745,74
2010/03/02,2,1485577,0.180268647158882,2456,605,709304322,75
2010/03/03,2,1538442,0.0355854997755081,2456,626,710842764,76
2010/03/04,1,1646578,0.0702892926740171,2456,670,712489342,77
2010/03/05,6,1974036,0.198871842087043,2163,913,714463378,78
2010/03/06,5,3663018,0.855598378145079,2163,1693,718126396,79
2010/03/07,4,2481048,-0.322676547043995,2163,1147,720607444,80
2010/03/08,4,817968,-0.670313512676901,2163,378,721425412,81
2010/03/09,4,781694,-0.0443464781018328,2163,361,722207106,82
2010/03/10,4,747131,-0.0442155114405381,2163,345,722954237,83
2010/03/11,3,789785,0.057090389771004,2163,365,723744022,84
2010/03/12,7,1685857,1.13457713175105,1718,981,725429879,85
2010/03/13,6,2899835,0.720095476662611,1718,1688,728329714,86
2010/03/14,6,1940729,-0.330745025147983,1718,1130,730270443,87
2010/03/15,5,671742,-0.653871303000058,1718,391,730942185,88
2010/03/16,6,678998,0.0108017661542676,1718,395,731621183,89
2010/03/17,5,608622,-0.103646844320602,1718,354,732229805,90
2010/03/18,5,651147,0.0698709543854807,1718,379,732880952,91
2010/03/19,10,1057206,0.6236057295818,1236,855,733938158,92
2010/03/20,8,1746005,0.651527706047828,1236,1413,735684163,93
2010/03/21,8,1223794,-0.299089063318834,1236,990,736907957,94
2010/03/22,8,358514,-0.707047101064395,1236,290,737266471,95
2010/03/23,8,360899,0.00665245987604379,1236,292,737627370,96
2010/03/24,8,349332,-0.0320505182890504,1236,283,737976702,97
2010/03/25,7,416352,0.191851877297242,1236,337,738393054,98
2010/03/26,12,526502,0.264559795557605,930,566,738919556,99
2010/03/27,11,879290,0.670060132725042,930,945,739798846,100
2010/03/28,11,641683,-0.270225977777525,930,690,740440529,101
2010/03/29,10,243746,-0.620145772912793,930,262,740684275,102
2010/03/30,10,231791,-0.0490469587193225,930,249,740916066,103
2010/03/31,11,223937,-0.0338839730619395,814,275,741140003,104
2010/04/01,12,212436,-0.0513581944922009,814,261,741352439,105
2010/04/02,13,347063,0.633729688000151,511,679,741699502,106
2010/04/03,13,376963,0.0861515056344238,511,738,742076465,107
2010/04/04,13,256213,-0.320323214745214,511,501,742332678,108
2010/04/05,11,165264,-0.354974181637934,511,323,742497942,109
2010/04/06,13,107325,-0.350584519314551,511,210,742605267,110
2010/04/07,12,115831,0.0792546005124621,511,227,742721098,111
2010/04/08,12,123224,0.0638257461301379,511,241,742844322,112
2010/04/09,12,238853,0.938364279685775,454,526,743083175,113
2010/04/10,-,365729,0.5311886390374,454,806,743448904,114
2010/04/11,-,240069,-0.343587738462085,454,529,743688973,115
2010/04/12,10,78485,-0.673073158133703,454,173,743767458,116
2010/04/13,10,86453,0.101522583933236,454,190,743853911,117
2010/04/14,10,81346,-0.0590725596566921,454,179,743935257,118
2010/04/15,10,85196,0.0473286947114793,454,188,744020453,119
2010/04/16,12,255494,1.99889666181511,500,511,744275947,120
2010/04/17,12,475042,0.859307850673597,500,950,744750989,121
2010/04/18,12,272278,-0.426833837850127,500,545,745023267,122
2010/04/19,12,91752,-0.663020883068041,500,184,745115019,123
2010/04/20,12,104172,0.135364896678002,500,208,745219191,124
2010/04/21,12,111443,0.0697980263410514,500,223,745330634,125
2010/04/22,-,114299,0.0256274508044472,500,229,745444933,126
2010/04/23,15,241556,1.11336932081646,438,551,745686489,127
2010/04/24,15,434181,0.797434135355777,438,991,746120670,128
2010/04/25,15,244467,-0.436946803291715,429,570,746365137,129
2010/04/26,-,68371,-0.720326260804117,429,159,746433508,130
2010/04/27,-,76603,0.120401924792675,429,179,746510111,131
2010/04/28,-,69419,-0.0937822278500842,429,162,746579530,132
2010/04/29,-,79827,0.149930134401245,429,186,746659357,133
2010/04/30,-,170753,1.13903817004272,387,441,746830110,134
2010/05/01,-,289121,0.693211832295772,387,747,747119231,135
2010/05/02,-,173250,-0.400769919860543,387,448,747292481,136
2010/05/03,-,58282,-0.66359595959596,387,151,747350763,137
2010/05/04,-,58572,0.00497580728183666,387,151,747409335,138
2010/05/05,-,54780,-0.0647408317967629,387,142,747464115,139
2010/05/06,-,57215,0.0444505293902884,387,148,747521330,140
2010/05/07,-,103989,0.817512889976405,328,317,747625319,141
2010/05/08,-,182252,0.752608448970564,328,556,747807571,142
2010/05/09,-,138844,-0.23817571274938,328,423,747946415,143
2010/05/10,-,43749,-0.684905361412809,328,133,747990164,144
2010/05/11,-,47031,0.0750188575738875,328,143,748037195,145
2010/05/12,-,46666,-0.00776083859581977,328,142,748083861,146
2010/05/13,-,49338,0.0572579608280119,328,150,748133199,147
2010/05/14,-,86287,0.748895374761847,279,309,748219486,148
2010/05/15,-,153276,0.776351014637199,279,549,748372762,149
2010/05/16,-,95611,-0.376216759310003,279,343,748468373,150
2010/05/17,-,41240,-0.568668877012059,279,148,748509613,151
2010/05/18,-,38544,-0.0653734238603297,279,138,748548157,152
2010/05/19,-,42805,0.11054898298049,279,153,748590962,153
2010/05/20,-,42198,-0.0141805863800958,279,151,748633160,154
2010/05/21,-,42198,0,167,253,748675358,155
2010/05/22,-,81999,0.943196360017063,167,491,748757357,156
2010/05/23,-,64308,-0.215746533494311,167,385,748821665,157
2010/05/24,-,38557,-0.400432294582323,167,231,748860222,158
2010/05/25,-,22063,-0.427782244469227,167,132,748882285,159
2010/05/26,-,23279,0.0551148982459322,167,139,748905564,160
2010/05/27,-,23295,0.000687314747197076,167,139,748928859,161
2010/05/28,-,27969,0.20064391500322,84,333,748956828,162
2010/05/29,-,47262,0.6897994207873,84,563,749004090,163
2010/05/30,-,44849,-0.0510558165122086,84,534,749048939,164
2010/05/31,36,24161,-0.461281187986354,84,288,749073100,165
2010/06/01,-,16992,-0.296717851082323,84,202,749090092,166
2010/06/02,-,15961,-0.0606756120527306,84,190,749106053,167
2010/06/03,-,19345,0.212016790927887,84,230,749125398,168
2010/06/04,-,18087,-0.06502972344275,46,393,749143485,169
2010/06/05,-,36844,1.03704318018466,46,801,749180329,170
2010/06/06,-,21761,-0.409374660731734,46,473,749202090,171
2010/06/07,-,11412,-0.475575570975599,46,248,749213502,172
2010/06/08,-,11488,0.0066596565019279,46,250,749224990,173
2010/06/09,-,12771,0.111681754874652,46,278,749237761,174
2010/06/10,-,14271,0.117453605825699,46,310,749252032,175
2010/06/11,-,15963,0.118562118982552,26,614,749267995,176
2010/06/12,-,27713,0.736077178475224,26,1066,749295708,177
2010/06/13,-,21091,-0.238949229603435,26,811,749316799,178
2010/06/14,-,16293,-0.227490398748281,26,627,749333092,179
2010/06/15,-,18619,0.142760694776898,26,716,749351711,180
2010/06/16,-,19696,0.0578441377087922,26,758,749371407,181
2010/06/17,-,18362,-0.0677294882209586,26,706,749389769,182
2010/06/18,-,12094,-0.341357150637186,17,711,749401863,183
2010/06/19,-,19471,0.609971886886059,17,1145,749421334,184
2010/06/20,-,13616,-0.300703610497663,17,801,749434950,185
2010/06/21,-,11372,-0.164806110458284,17,669,749446322,186
2010/06/22,-,16048,0.411185367569469,17,944,749462370,187
2010/06/23,-,13593,-0.152978564307079,14,971,749475963,188
2010/06/24,-,15039,0.106378282939748,14,1074,749491002,189
2010/06/25,-,9634,-0.359398896203205,15,642,749500636,190
2010/06/26,-,19879,1.06342121652481,15,1325,749520515,191
2010/06/27,-,15059,-0.242466924895618,15,1004,749535574,192
2010/06/28,-,9455,-0.372136264028156,15,630,749545029,193
2010/06/29,-,12250,0.295610787942887,15,817,749557279,194
2010/06/30,-,4333,-0.646285714285714,15,289,749561612,195
2010/07/01,-,6546,0.510731594738057,15,436,749568158,196
2010/07/02,-,7024,0.0730216926367246,9,780,749575182,197
2010/07/03,-,12005,0.709140091116173,9,1334,749587187,198
2010/07/04,-,9700,-0.192003331945023,9,1078,749596887,199
2010/07/05,55,6977,-0.280721649484536,9,775,749603864,200
2010/07/06,-,5684,-0.185323204815823,9,632,749609548,201
2010/07/07,-,4687,-0.175404644616467,9,521,749614235,202
2010/07/08,-,6203,0.323447834435673,9,689,749620438,203
2010/07/09,-,10443,0.683540222472997,9,1160,749630881,204
2010/07/10,-,17791,0.703629225318395,9,1977,749648672,205
2010/07/11,-,8737,-0.508908998932044,9,971,749657409,206
2010/07/12,-,5953,-0.318644843767884,9,661,749663362,207
2010/07/13,-,4548,-0.236015454392743,9,505,749667910,208
2010/07/14,-,7496,0.648197009674582,9,833,749675406,209
2010/07/15,-,10399,0.387273212379936,9,1155,749685805,210
2010/07/16,-,3840,-0.630733724396577,4,960,749689645,211
2010/07/17,-,7226,0.881770833333333,4,1807,749696871,212
2010/07/18,-,4549,-0.370467755327982,4,1137,749701420,213
2010/07/19,-,1493,-0.671795999120686,4,373,749702913,214
2010/07/20,-,1626,0.0890823844608171,4,407,749704539,215
2010/07/21,-,1430,-0.120541205412054,4,358,749705969,216
2010/07/22,-,4207,1.94195804195804,4,1052,749710176,217
2010/07/23,-,4781,0.136439267886855,3,1594,749714957,218
2010/07/24,-,7684,0.607195147458691,3,2561,749722641,219
2010/07/25,-,4352,-0.433628318584071,3,1451,749726993,220
2010/07/26,-,1750,-0.597886029411765,3,583,749728743,221
2010/07/27,-,1486,-0.150857142857143,3,495,749730229,222
2010/07/28,-,1306,-0.121130551816958,3,435,749731535,223
2010/07/29,-,3740,1.86370597243492,3,1247,749735275,224
2010/07/30,-,4046,0.0818181818181818,2,2023,749739321,225
2010/07/31,-,4861,0.201433514582303,2,2431,749744182,226
2010/08/01,-,4121,-0.152232051018309,2,2061,749748303,227
2010/08/02,-,571,-0.861441397719,2,286,749748874,228
2010/08/03,-,772,0.352014010507881,2,386,749749646,229
2010/08/04,-,874,0.132124352331606,2,437,749750520,230
2010/08/05,-,5108,4.84439359267735,2,2554,749755628,231
2010/08/06,-,2685,-0.474353954581049,1,2685,749758313,232
2010/08/07,-,3828,0.425698324022346,1,3828,749762141,233
2010/08/08,-,3998,0.0444096133751306,1,3998,749766139,234
2010/08/27,11,1233047,307.415957978989,812,1519,750999186,253
2010/08/28,12,1553433,0.259832755766812,812,1913,752552619,254
2010/08/29,10,1221270,-0.213825121521173,812,1504,753773889,255
2010/08/30,10,419611,-0.656414224536753,812,517,754193500,256
2010/08/31,11,418974,-0.00151807269113535,812,516,754612474,257
2010/09/01,11,349947,-0.16475246674018,812,431,754962421,258
2010/09/02,11,323618,-0.0752371073333962,812,399,755286039,259
2010/09/03,15,563726,0.741948840917378,812,694,755849765,260
2010/09/04,16,842532,0.494577152730227,812,1038,756692297,261
2010/09/05,15,851337,0.0104506416373502,812,1048,757543634,262
2010/09/06,15,704206,-0.172823452992176,812,867,758247840,263
2010/09/07,12,182484,-0.74086559898666,812,225,758430324,264
2010/09/08,11,196553,0.0770971701628635,812,242,758626877,265
2010/09/09,12,204723,0.0415663968497046,812,252,758831600,266
2010/09/10,-,192368,-0.0603498385623501,436,441,759023968,267
2010/09/11,-,319753,0.662194335856275,436,733,759343721,268
2010/09/12,-,219057,-0.314918077390986,436,502,759562778,269
2010/09/13,-,63609,-0.709623522644791,436,146,759626387,270
2010/09/14,-,66704,0.0486566366394692,436,153,759693091,271
2010/09/15,-,70514,0.0571180139122092,436,162,759763605,272
2010/09/16,-,81256,0.15233854270074,436,186,759844861,273
2010/09/17,-,61187,-0.246984838042729,129,474,759906048,274
2010/09/18,-,105390,0.722424698056777,129,817,760011438,275
2010/09/19,-,71603,-0.320590188822469,129,555,760083041,276
2010/09/20,-,23985,-0.665028001620044,129,186,760107026,277
2010/09/21,-,30044,0.252616218469877,129,233,760137070,278
2010/09/22,-,30580,0.0178405005991213,129,237,760167650,279
2010/09/23,-,36057,0.179103989535644,129,280,760203707,280
2010/09/24,-,10234,-0.716171617161716,29,353,760213941,281
2010/09/25,-,15367,0.5015634160641,29,530,760229308,282
2010/09/26,-,8243,-0.463590811479144,29,284,760237551,283
2010/09/27,-,3810,-0.537789639694286,29,131,760241361,284
2010/09/28,-,4709,0.235958005249344,29,162,760246070,285
2010/09/29,-,4780,0.0150775111488639,29,165,760250850,286
2010/09/30,-,4077,-0.147071129707113,29,141,760254927,287
2010/10/01,-,6457,0.583762570517537,19,340,760261384,288
2010/10/02,-,9462,0.465386402354034,19,498,760270846,289
2010/10/03,-,6819,-0.279327837666455,19,359,760277665,290
2010/10/04,-,2757,-0.595688517377915,19,145,760280422,291
2010/10/05,-,4180,0.51614073268045,19,220,760284602,292
2010/10/06,-,3161,-0.24377990430622,19,166,760287763,293
2010/10/07,-,2527,-0.200569440050617,19,133,760290290,294
2010/10/08,-,4940,0.954887218045113,14,353,760295230,295
2010/10/09,-,7939,0.607085020242915,14,567,760303169,296
2010/10/10,-,4425,-0.442625015745056,14,316,760307594,297
2010/10/11,-,2638,-0.403841807909605,14,188,760310232,298
2010/10/12,-,4383,0.661485974222896,14,313,760314615,299
2010/10/13,-,3767,-0.140543007072781,14,269,760318382,300
2010/10/14,-,4840,0.284842049376161,14,346,760323222,301
2010/10/15,-,3012,-0.377685950413223,10,301,760326234,302
2010/10/16,-,7711,1.56009296148738,10,771,760333945,303
2010/10/17,-,5059,-0.343924264038387,10,506,760339004,304
2010/10/18,-,2038,-0.597153587665546,10,204,760341042,305
2010/10/19,-,2557,0.254661432777233,10,256,760343599,306
2010/10/20,-,3071,0.201016816581932,10,307,760346670,307
2010/10/21,-,4049,0.318463041354608,10,405,760350719,308
2010/10/22,-,7404,0.828599654235614,9,823,760358123,309
2010/10/23,-,11399,0.53957320367369,9,1267,760369522,310
2010/10/24,-,5496,-0.517852443196772,9,611,760375018,311
2010/10/25,-,4354,-0.207787481804949,9,484,760379372,312
2010/10/26,-,3036,-0.30271015158475,9,337,760382408,313
2010/10/27,-,5269,0.735507246376812,9,585,760387677,314
2010/10/28,-,4925,-0.0652875308407668,9,547,760392602,315
2010/10/29,-,8253,0.675736040609137,8,1032,760400855,316
2010/10/30,-,9537,0.155579789167575,8,1192,760410392,317
2010/10/31,-,8041,-0.156862745098039,8,1005,760418433,318
2010/11/01,-,4044,-0.497077477925631,6,674,760422477,319
2010/11/02,-,4316,0.0672601384767557,6,719,760426793,320
2010/11/03,-,4972,0.151992585727525,6,829,760431765,321
2010/11/04,-,5283,0.0625502815768302,6,881,760437048,322
2010/11/05,-,6528,0.235661555934128,9,725,760443576,323
2010/11/06,-,12034,0.84344362745098,9,1337,760455610,324
2010/11/07,-,6949,-0.422552767159714,9,772,760462559,325
2010/11/08,-,2427,-0.650741113829328,9,270,760464986,326
2010/11/09,-,3151,0.298310671611042,9,350,760468137,327
2010/11/10,-,4578,0.452872104093939,9,509,760472715,328
2010/11/11,-,5920,0.293141109654871,9,658,760478635,329
2010/11/12,-,7173,0.211655405405405,6,1196,760484808,330
2010/11/13,-,9689,0.35075979367071,6,1615,760494497,331
2010/11/14,-,10350,0.068221694705336,6,1725,760504847,332
2010/11/15,-,357,-0.965507246376812,6,60,760505204,333
2010/11/16,-,479,0.341736694677871,6,80,760505683,334
2010/11/17,-,498,0.0396659707724425,6,83,760506181,335
2010/11/18,-,1444,1.8995983935743,6,241,760507625,336