Date,Rank,Gross,Change,Theaters,Per Theater,Total Gross,Days
2015/06/12,1,81953950,0,4274,19175,81953950,1
2015/06/13,1,69644830,-0.15019556714472,4274,16295,151598780,2
2015/06/14,1,57207490,-0.178582387235348,4274,13385,208806270,3
2015/06/15,1,25344820,-0.556966753828913,4274,5930,234151090,4
2015/06/16,1,24342515,-0.0395467397282758,4274,5695,258493605,5
2015/06/17,1,19895470,-0.182686341160722,4274,4655,278389075,6
2015/06/18,1,17822580,-0.104189044038668,4274,4170,296211655,7
2015/06/19,2,29114435,0.633570167731047,4291,6785,325326090,8
2015/06/20,1,39112465,0.34340456890199,4291,9115,364438555,9
2015/06/21,1,38361540,-0.0191991223258365,4291,8940,402800095,10
2015/06/22,1,11566225,-0.698494247102697,4291,2695,414366320,11
2015/06/23,1,13130460,0.135241619456651,4291,3060,427496780,12
2015/06/24,1,9440200,-0.281045751633987,4291,2200,436936980,13
2015/06/25,2,8903825,-0.0568181818181818,4291,2075,445840805,14
2015/06/26,2,14692885,0.650176749879967,4198,3500,460533690,15
2015/06/27,1,22480290,0.530011975183907,4198,5355,483013980,16
2015/06/28,1,17359440,-0.227792879896122,4198,4135,500373420,17
2015/06/29,2,6526380,-0.624044324010452,4198,1555,506899800,18
2015/06/30,2,7474355,0.145252804770792,4198,1780,514374155,19
2015/07/01,4,5988150,-0.19884056885176,3802,1575,520362305,20
2015/07/02,2,6938650,0.158730158730159,3802,1825,527300955,21
2015/07/03,2,11827605,0.704597436100682,3737,3165,539128560,22
2015/07/04,1,8539045,-0.278041074249605,3737,2285,547667605,23
2015/07/05,2,8875375,0.0393873085339169,3737,2375,556542980,24
2015/07/06,2,4149050,-0.532521161077701,3737,1110,560692030,25
2015/07/07,2,4839415,0.16639110157747,3737,1295,565531445,26
2015/07/08,2,3755685,-0.223938223938224,3737,1005,569287130,27
2015/07/09,2,3251190,-0.134328358208955,3737,870,572538320,28
2015/07/10,3,5419575,0.666951177876408,3441,1575,577957895,29
2015/07/11,2,7432560,0.371428571428571,3441,2160,585390455,30
2015/07/12,2,5299140,-0.287037037037037,3441,1540,590689595,31
2015/07/13,3,2150625,-0.594155844155844,3441,625,592840220,32
2015/07/14,3,2787210,0.296,3441,810,595627430,33
2015/07/15,3,2202240,-0.209876543209877,3441,640,597829670,34
2015/07/16,3,1944165,-0.1171875,3441,565,599773835,35
2015/07/17,5,3257265,0.675405636867241,3117,1045,603031100,36
2015/07/18,4,4909275,0.507177033492823,3117,1575,607940375,37
2015/07/19,5,3288435,-0.33015873015873,3117,1055,611228810,38
2015/07/20,5,1372505,-0.582626690203699,3117,440,612601315,39
2015/07/21,5,1729935,0.260421637808241,3117,555,614331250,40
2015/07/22,5,1309140,-0.243243243243243,3117,420,615640390,41
2015/07/23,5,1262385,-0.0357142857142857,3117,405,616902775,42
2015/07/24,8,2063100,0.634287479651612,2642,781,618965875,43
2015/07/25,7,2975625,0.442307692307692,2642,1126,621941500,44
2015/07/26,8,2142450,-0.28,2642,811,624083950,45
2015/07/27,8,925750,-0.567901234567901,2642,350,625009700,46
2015/07/28,8,1084450,0.171428571428571,2642,410,626094150,47
2015/07/29,9,826350,-0.238000829913781,2642,313,626920500,48
2015/07/30,9,779130,-0.0571428571428572,2642,295,627699630,49
2015/07/31,10,1070720,0.374250766881008,1912,560,628770350,50
2015/08/01,10,1616560,0.509787806335924,1912,845,630386910,51
2015/08/02,10,1214120,-0.248948384223289,1912,635,631601030,52
2015/08/03,10,592720,-0.511811023622047,1912,310,632193750,53
2015/08/04,11,640520,0.0806451612903225,1912,335,632834270,54
2015/08/05,12,484500,-0.243583338537438,1912,253,633318770,55
2015/08/06,12,408010,-0.157874097007224,1912,213,633726780,56
2015/08/07,13,553905,0.357577020171074,1119,495,634280685,57
2015/08/08,14,833655,0.505050505050505,1119,745,635114340,58
2015/08/09,13,559500,-0.328859060402685,1119,500,635673840,59
2015/08/10,15,262965,-0.53,1119,235,635936805,60
2015/08/11,14,335700,0.276595744680851,1119,300,636272505,61
2015/08/12,14,240585,-0.283333333333333,1119,215,636513090,62
2015/08/13,13,218550,-0.0915892512001996,1119,195,636731640,63
2015/08/14,15,335790,0.536444749485244,738,455,637067430,64
2015/08/15,15,546120,0.626373626373626,738,740,637613550,65
2015/08/16,15,357930,-0.344594594594595,738,485,637971480,66
2015/08/17,15,155025,-0.566884586371637,738,210,638126505,67
2015/08/18,15,195785,0.262925334623448,738,265,638322290,68
2015/08/19,15,151280,-0.227315677911995,738,205,638473570,69
2015/08/20,15,147410,-0.0255817028027499,738,200,638620980,70
2015/08/21,-,267010,0.811342514076386,574,465,638887990,71
2015/08/22,-,419210,0.570016104265758,574,730,639307200,72
2015/08/23,-,261330,-0.376613153312182,574,455,639568530,73
2015/08/24,-,94795,-0.637259403818926,574,165,639663325,74
2015/08/25,-,115025,0.213407880162456,574,200,639778350,75
2015/08/26,-,94450,-0.178874157791784,574,165,639872800,76
2015/08/27,-,94985,0.00566437268395981,574,165,639967785,77
2015/08/28,10,792960,7.34826551560773,1239,640,640760745,78
2015/08/29,9,1375290,0.734375,1239,1110,642136035,79
2015/08/30,10,842520,-0.387387387387387,1239,680,642978555,80
2015/08/31,11,291200,-0.654370222665337,1239,235,643269755,81
2015/09/01,12,309825,0.0639594780219781,1239,250,643579580,82
2015/09/02,11,259755,-0.16160735899298,1239,210,643839335,83
2015/09/03,13,204305,-0.21347038555562,1239,165,644043640,84
2015/09/04,14,589125,1.88355644746825,1571,375,644632765,85
2015/09/05,12,1036860,0.76,1571,660,645669625,86
2015/09/06,12,1068280,0.0303030303030303,1571,680,646737905,87
2015/09/07,15,636255,-0.404411764705882,1571,405,647374160,88
2015/09/08,15,141895,-0.776984070852095,1571,90,647516055,89
2015/09/09,15,110025,-0.22460269917897,1571,70,647626080,90
2015/09/10,14,102115,-0.0718927516473529,1571,65,647728195,91
2015/09/11,15,298095,1.91920873524947,1169,255,648026290,92
2015/09/12,15,596190,1,1169,510,648622480,93
2015/09/13,-,286405,-0.519607843137255,1169,245,648908885,94
2015/09/14,-,81830,-0.714285714285714,1169,70,648990715,95
2015/09/15,-,94010,0.148845166809239,1169,80,649084725,96
2015/09/16,-,75550,-0.196362089139453,1169,65,649160275,97
2015/09/17,15,63760,-0.156055592322965,1169,55,649224035,98
2015/09/18,-,173330,1.71847553324969,753,230,649397365,99
2015/09/19,-,312310,0.801823111982923,753,415,649709675,100
2015/09/20,-,150840,-0.51701834715507,753,200,649860515,101
2015/09/21,-,45180,-0.700477326968974,753,60,649905695,102
2015/09/22,-,52710,0.166666666666667,753,70,649958405,103
2015/09/23,-,52380,-0.00626067159931698,753,70,650010785,104
2015/09/24,-,41505,-0.207617411225659,753,55,650052290,105
2015/09/25,-,110880,1.67148536320925,347,320,650163170,106
2015/09/26,-,196120,0.768759018759019,347,565,650359290,107
2015/09/27,-,83450,-0.574495207016113,347,240,650442740,108
2015/09/28,-,22555,-0.729718394248053,347,65,650465295,109
2015/09/29,-,27760,0.230769230769231,347,80,650493055,110
2015/09/30,-,25875,-0.0679034582132565,347,75,650518930,111
2015/10/01,-,20820,-0.19536231884058,347,60,650539750,112
2015/10/02,-,81365,2.90802113352546,254,320,650621115,113
2015/10/03,-,139735,0.71738462483869,254,550,650760850,114
2015/10/04,-,71120,-0.491036605002326,254,280,650831970,115
2015/10/05,-,20320,-0.714285714285714,254,80,650852290,116
2015/10/06,-,22860,0.125,254,90,650875150,117
2015/10/07,16,21590,-0.0555555555555556,254,85,650896740,118
2015/10/08,-,20320,-0.0588235294117647,254,80,650917060,119
2015/10/09,-,59540,1.93011811023622,213,280,650976600,120
2015/10/10,-,95935,0.61126973463218,213,450,651072535,121
2015/10/11,-,56450,-0.411580757804764,213,265,651128985,122
2015/10/12,-,28755,-0.490611160318866,213,135,651157740,123
2015/10/13,-,18105,-0.37037037037037,213,85,651175845,124
2015/10/14,-,18005,-0.00552333609500133,213,85,651193850,125
2015/10/15,-,25560,0.41960566509303,213,120,651219410,126
2015/10/16,-,60605,1.37108763693271,202,300,651280015,127
2015/10/17,-,102010,0.683194455902978,202,505,651382025,128
2015/10/18,-,61610,-0.396039603960396,202,305,651443635,129
2015/10/19,-,17170,-0.721311475409836,202,85,651460805,130
2015/10/20,-,21210,0.235294117647059,202,105,651482015,131
2015/10/21,-,18105,-0.146393210749646,202,90,651500120,132
2015/10/22,-,19205,0.0607566970450153,202,95,651519325,133
2015/10/23,-,52515,1.73444415516793,175,300,651571840,134
2015/10/24,-,90140,0.716461963248596,175,515,651661980,135
2015/10/25,-,51705,-0.426392278677613,175,295,651713685,136
2015/10/26,-,14015,-0.728943042258969,175,80,651727700,137
2015/10/27,-,15745,0.123439172315376,175,90,651743445,138
2015/10/28,-,13125,-0.166402032391235,175,75,651756570,139
2015/10/29,-,14875,0.133333333333333,175,85,651771445,140
2015/10/30,-,33630,1.26084033613445,164,205,651805075,141
2015/10/31,-,43465,0.292447219744276,164,265,651848540,142
2015/11/01,-,41050,-0.0555619463936501,164,250,651889590,143
2015/11/02,-,11505,-0.71973203410475,164,70,651901095,144
2015/11/03,-,14760,0.282920469361147,164,90,651915855,145
2015/11/04,-,10660,-0.277777777777778,164,65,651926515,146
2015/11/05,-,11480,0.0769230769230769,164,70,651937995,147
2015/11/06,-,29215,1.5448606271777,139,210,651967210,148
2015/11/07,-,55635,0.904329967482458,139,400,652022845,149
2015/11/08,-,31270,-0.437943740451155,139,225,652054115,150
2015/11/09,-,6945,-0.777902142628718,139,50,652061060,151
2015/11/10,-,10435,0.502519798416127,139,75,652071495,152
2015/11/11,-,20145,0.930522280785817,139,145,652091640,153
2015/11/12,-,8280,-0.588979895755771,139,60,652099920,154
2015/11/13,-,18010,1.17512077294686,109,165,652117930,155
2015/11/14,-,37035,1.05635757912271,109,340,652154965,156
2015/11/15,-,22305,-0.397731875253139,109,205,652177270,157
2015/11/16,-,4905,-0.78009414929388,109,45,652182175,158
2015/11/17,-,6045,0.232415902140673,109,55,652188220,159
2015/11/18,-,4855,-0.196856906534326,109,45,652193075,160
2015/11/19,-,4935,0.0164778578784759,109,45,652198010,161