Date,Rank,Gross,Change,Theaters,Per Theater,Total Gross,Days
1997/12/19,1,8658814,0,2674,3238,8658814,1
1997/12/20,1,10672013,0.232502857781678,2674,3991,19330827,2
1997/12/21,1,9307304,-0.127877374212344,2674,3481,28638131,3
1997/12/22,1,5578212,-0.400662963195357,2674,2086,34216343,4
1997/12/23,1,6003119,0.0761726158848033,2674,2245,40219462,5
1997/12/24,1,3571345,-0.405085089934083,2674,1336,43790807,6
1997/12/25,1,9178529,1.57004825912926,2674,3433,52969336,7
1997/12/26,1,12122298,0.320723396962629,2711,4472,65091634,8
1997/12/27,1,12466455,0.0283904091451967,2711,4598,77558089,9
1997/12/28,1,10866520,-0.128339211106927,2711,4008,88424609,10
1997/12/29,1,7942920,-0.269046576088757,2711,2930,96367529,11
1997/12/30,1,8012909,0.008811495016946,2711,2956,104380438,12
1997/12/31,1,8213735,0.0250628080263984,2711,3030,112594173,13
1998/01/01,1,11558520,0.407218518737213,2711,4264,124152693,14
1998/01/02,1,11698861,0.0121417793973624,2727,4290,135851554,15
1998/01/03,1,12726625,0.0878516293167344,2727,4667,148578179,16
1998/01/04,1,8889792,-0.301480793218941,2727,3260,157467971,17
1998/01/05,1,3022271,-0.660029053548159,2727,1108,160490242,18
1998/01/06,1,3044822,0.00746160751302583,2727,1117,163535064,19
1998/01/07,1,2841351,-0.0668252528390822,2727,1042,166376415,20
1998/01/08,1,2789088,-0.0183937148208722,2727,1023,169165503,21
1998/01/09,1,7738150,1.77443737881343,2746,2818,176903653,22
1998/01/10,1,12758118,0.648729735143413,2746,4646,189661771,23
1998/01/11,1,8220042,-0.355701052459305,2746,2993,197881813,24
1998/01/12,1,2170146,-0.735993319742162,2746,790,200051959,25
1998/01/13,1,2386164,0.0995407682248106,2746,869,202438123,26
1998/01/14,1,2095782,-0.121694066292174,2746,763,204533905,27
1998/01/15,1,2200465,0.0499493745055546,2746,801,206734370,28
1998/01/16,1,7418385,2.37128061568805,2767,2681,214152755,29
1998/01/17,1,12357344,0.665772806345316,2767,4466,226510099,30
1998/01/18,1,10235305,-0.171722904209837,2767,3699,236745404,31
1998/01/19,1,6003510,-0.413450796043694,2767,2170,242748914,32
1998/01/20,1,2322334,-0.613170628515652,2767,839,245071248,33
1998/01/21,1,2076976,-0.105651469599119,2767,751,247148224,34
1998/01/22,1,2212942,0.0654634430056005,2767,800,249361166,35
1998/01/23,1,7031183,2.17730107702778,2771,2537,256392349,36
1998/01/24,1,12474937,0.774230168664363,2771,4502,268867286,37
1998/01/25,1,5732600,-0.540470625222396,2771,2069,274599886,38
1998/01/26,1,1901222,-0.668349091162823,2771,686,276501108,39
1998/01/27,1,1922428,0.0111538789262906,2771,694,278423536,40
1998/01/28,1,1808170,-0.0594342154816722,2771,653,280231706,41
1998/01/29,1,1961325,0.0847016596890779,2771,708,282193031,42
1998/01/30,1,6652831,2.39200846366614,2853,2332,288845862,43
1998/01/31,1,11963977,0.798328711491394,2853,4193,300809839,44
1998/02/01,1,7290364,-0.390640419987434,2853,2555,308100203,45
1998/02/02,1,1505547,-0.793488089209263,2853,528,309605750,46
1998/02/03,1,1736853,0.153635854609653,2853,609,311342603,47
1998/02/04,1,1448751,-0.165875868596824,2853,508,312791354,48
1998/02/05,1,1536474,0.0605507778769436,2853,539,314327828,49
1998/02/06,1,5712448,2.7178943477078,2956,1932,320040276,50
1998/02/07,1,10818530,0.893851812742978,2956,3660,330858806,51
1998/02/08,1,6496860,-0.399469243973072,2956,2198,337355666,52
1998/02/09,1,1355098,-0.791422625699184,2956,458,338710764,53
1998/02/10,1,1506524,0.111745423578221,2956,510,340217288,54
1998/02/11,1,1460439,-0.030590285982832,2956,494,341677727,55
1998/02/12,1,1716570,0.175379457820559,2956,581,343394297,56
1998/02/13,1,5730480,2.33833167304567,3002,1909,349124777,57
1998/02/14,1,13048711,1.27707120520445,3002,4347,362173488,58
1998/02/15,1,9388756,-0.280484026353254,3002,3128,371562244,59
1998/02/16,1,4708477,-0.498498310106259,3002,1568,376270721,60
1998/02/17,1,1873856,-0.602025028475237,3002,624,378144577,61
1998/02/18,1,1627967,-0.13122086222207,3002,542,379772544,62
1998/02/19,1,1752994,0.0767994682938904,3002,584,381525538,63
1998/02/20,1,5239962,1.98914999138617,3006,1743,386765500,64
1998/02/21,1,9925539,0.894200568630078,3006,3302,396691039,65
1998/02/22,1,5870842,-0.408511517611285,3006,1953,402561881,66
1998/02/23,1,1177689,-0.799400324519038,3006,392,403739570,67
1998/02/24,1,1291197,0.0963819820003413,3006,430,405030767,68
1998/02/25,1,1053227,-0.184301853241605,3006,350,406083994,69
1998/02/26,1,1266838,0.202815727283862,3006,421,407350832,70
1998/02/27,1,4739243,2.74100161188723,3035,1562,412090075,71
1998/02/28,1,9374965,0.978156638096,3035,3089,421465040,72
1998/03/01,1,5518848,-0.41132068226388,3035,1818,426983888,73
1998/03/02,1,1062265,-0.807520518774933,3035,350,428046153,74
1998/03/03,1,1288344,0.212827307686877,3035,424,429334497,75
1998/03/04,1,1052511,-0.183051265810995,3035,347,430387008,76
1998/03/05,1,1164538,0.106437842454853,3035,384,431551546,77
1998/03/06,2,4364108,2.74750158431927,3103,1406,435915654,78
1998/03/07,1,8358879,0.915369417988739,3103,2694,444274533,79
1998/03/08,1,4882862,-0.415847268515312,3103,1574,449157395,80
1998/03/09,2,1055683,-0.783798313366218,3103,340,450213078,81
1998/03/10,2,1241687,0.176193042797885,3103,400,451454765,82
1998/03/11,1,1115628,-0.101522364331752,3103,360,452570393,83
1998/03/12,1,1296932,0.162512952346123,3103,418,453867325,84
1998/03/13,2,4345209,2.35037534735823,3116,1394,458212534,85
1998/03/14,1,8169554,0.880129126124888,3116,2622,466382088,86
1998/03/15,1,5064052,-0.380131155262576,3116,1625,471446140,87
1998/03/16,2,1321963,-0.738951535252798,3116,424,472768103,88
1998/03/17,2,1476821,0.117142461627141,3116,474,474244924,89
1998/03/18,2,1481658,0.00327527845283893,3116,476,475716582,90
1998/03/19,1,1632510,0.101812968984746,3116,524,477349092,91
1998/03/20,1,4318945,1.645585631941,3169,1363,481668037,92
1998/03/21,1,8003861,0.853198176869583,3169,2526,489671898,93
1998/03/22,1,4842433,-0.394987868979734,3169,1528,494514331,94
1998/03/23,1,1058713,-0.781367548089979,3169,334,495573044,95
1998/03/24,1,1605435,0.516402462234808,3169,507,497178479,96
1998/03/25,1,1432311,-0.107836193928748,3169,452,498610790,97
1998/03/26,1,1438240,0.00413946412476052,3169,454,500049030,98
1998/03/27,2,4206010,1.92441456224274,3233,1301,504255040,99
1998/03/28,1,7329557,0.742638985641974,3233,2267,511584597,100
1998/03/29,1,3677933,-0.498205280346411,3233,1138,515262530,101
1998/03/30,1,778315,-0.788382496364126,3233,241,516040845,102
1998/03/31,1,1018514,0.308614121531771,3233,315,517059359,103
1998/04/01,1,888112,-0.128031622540289,3233,275,517947471,104
1998/04/02,1,925587,0.042196254526456,3233,286,518873058,105
1998/04/03,3,3031565,2.27528908681734,3265,929,521904623,106
1998/04/04,2,5775210,0.905025951942314,3265,1769,527679833,107
1998/04/05,2,2726705,-0.527860458753881,3265,835,530406538,108
1998/04/06,3,774118,-0.716097634324212,3265,237,531180656,109
1998/04/07,2,932621,0.204753022149078,3265,286,532113277,110
1998/04/08,3,888919,-0.0468593351425713,3265,272,533002196,111
1998/04/09,2,1293254,0.45486146656782,3265,396,534295450,112
1998/04/10,3,3270133,1.52860845587951,3265,1002,537565583,113
1998/04/11,3,3492698,0.06805992294503,3265,1070,541058281,114
1998/04/12,5,1795410,-0.485953265927945,3265,550,542853691,115
1998/04/13,3,1013748,-0.435366852139623,3265,310,543867439,116
1998/04/14,3,1011917,-0.00180616879145512,3265,310,544879356,117
1998/04/15,3,888356,-0.122105864413781,3265,272,545767712,118
1998/04/16,3,891502,0.00354137305314528,3265,273,546659214,119
1998/04/17,4,2151798,1.41367714261998,3012,714,548811012,120
1998/04/18,3,3495646,0.624523305626272,3012,1161,552306658,121
1998/04/19,4,1795410,-0.486386779439337,3012,596,554102068,122
1998/04/20,4,408661,-0.772385694632424,3012,136,554475864,123
1998/04/21,4,448741,0.0980764007331261,3012,149,554924605,124
1998/04/22,4,348594,-0.223173278127026,3012,116,555273199,125
1998/04/23,4,403576,0.157725032559367,3012,134,555676775,126
1998/04/24,4,1297768,2.21567189327413,2912,446,556974543,127
1998/04/25,3,2448021,0.886331763458492,2912,841,559422564,128
1998/04/26,6,1192786,-0.512754996791286,2912,410,560615350,129
1998/04/27,5,257682,-0.783966277270189,2912,88,560873032,130
1998/04/28,4,314508,0.220527627075232,2912,108,561187540,131
1998/04/29,5,259013,-0.176450201584697,2912,89,561446553,132
1998/04/30,5,278090,0.0736526738040175,2912,95,561724543,133
1998/05/01,7,1029843,2.70327232191017,2660,387,562754386,134
1998/05/02,6,2090154,1.02958509209656,2660,786,564844540,135
1998/05/03,7,891891,-0.5732893365752,2660,335,565736531,136
1998/05/04,7,216732,-0.756997211542666,2660,81,565953263,137
1998/05/05,7,256046,0.181394533340716,2660,96,566209309,138
1998/05/06,7,213922,-0.164517313295267,2660,80,566423231,139
1998/05/07,6,218609,0.0219098549938763,2660,82,566641840,140
1998/05/08,7,766834,2.50778787698585,2256,340,567408674,141
1998/05/09,4,1487546,0.939853997084115,2256,659,568896220,142
1998/05/10,5,924193,-0.378712994421685,2256,410,569820413,143
1998/05/11,6,211598,-0.771045658212083,2256,94,570032011,144
1998/05/12,6,232922,0.100775999773155,2256,103,570264933,145
1998/05/13,5,182777,-0.215286662487871,2256,81,570447710,146
1998/05/14,4,153882,-0.158088818615034,2256,68,570601592,147
1998/05/15,6,537065,2.49010930453204,1990,270,571138657,148
1998/05/16,6,1030744,0.919216482176273,1990,518,572169401,149
1998/05/17,6,544493,-0.471747592030611,1990,274,572713894,150
1998/05/18,6,185831,-0.658708192759136,1990,93,572899725,151
1998/05/19,7,148455,-0.201128982785434,1990,75,573048180,152
1998/05/20,6,154808,0.0427941126940823,1990,78,573202988,153
1998/05/21,6,184321,0.190642602449486,1990,93,573387309,154
1998/05/22,8,598118,2.24498022471666,2008,298,573985427,155
1998/05/23,7,1176050,0.966250806697006,2008,586,575161477,156
1998/05/24,8,1195876,0.0168581267803241,2008,596,576357353,157
1998/05/25,7,702659,-0.412431556448996,2008,350,577060012,158
1998/05/26,8,187884,-0.732609985782577,2008,94,577247896,159
1998/05/27,9,187222,-0.00352345063975645,2008,93,577435118,160
1998/05/28,9,200777,0.0724006794073346,2008,100,577635895,161
1998/05/29,11,445895,1.2208470093686,1562,285,578081790,162
1998/05/30,9,846117,0.897570055730609,1562,542,578927907,163
1998/05/31,10,491567,-0.419031883297464,1562,315,579419474,164
1998/06/01,10,183877,-0.625937054358816,1562,118,579603351,165
1998/06/02,9,212090,0.153434089092165,1562,136,579815441,166
1998/06/03,10,204580,-0.0354094959686926,1562,131,580020021,167
1998/06/04,10,221008,0.080301104702317,1562,141,580241029,168
1998/06/05,9,418203,0.892252769130529,1219,343,580659232,169
1998/06/06,9,776859,0.857612212250988,1219,637,581436091,170
1998/06/07,10,453798,-0.415855386884879,1219,372,581889889,171
1998/06/08,9,175323,-0.613654092790184,1219,144,582065212,172
1998/06/09,8,218759,0.24774844144807,1219,179,582283971,173
1998/06/10,9,181365,-0.170936967164779,1219,149,582465330,174
1998/06/11,9,205117,0.130962423841425,1219,168,582670447,175
1998/06/12,-,297611,0.450932882208691,975,305,582968058,176
1998/06/13,-,552705,0.857139017039021,975,567,583520763,177
1998/06/14,-,364421,-0.34065912195475,975,374,583885184,178
1998/06/15,-,143983,-0.60489927858164,975,148,584029167,179
1998/06/16,10,173664,0.206142391810144,975,178,584202831,180
1998/06/17,10,153878,-0.11393265155703,975,158,584356709,181
1998/06/18,10,157956,0.0265015141865634,975,162,584514665,182
1998/07/20,9,282472,0.788295474689154,867,326,590772345,214
1998/07/21,9,332809,0.178201733269138,867,384,591105154,215
1998/07/22,9,318448,-0.0431508763284647,867,367,591423602,216
1998/07/23,9,334567,0.0506173692408181,867,386,591758169,217
2012/04/04,2,4375388,12.0777631984027,2674,1636,605488526,5221
2012/04/05,2,3660144,-0.163469845417138,2674,1369,609148670,5222
2012/04/06,3,7120875,0.945517717335711,2674,2663,616269545,5223
2012/04/07,3,6658708,-0.064903119349799,2674,2490,622928253,5224
2012/04/08,4,3505870,-0.473490953500289,2674,1311,626434123,5225
2012/04/09,3,2201712,-0.371992686551412,2674,823,628635835,5226
2012/04/10,3,1856316,-0.156876103686586,2674,694,630492151,5227
2012/04/11,3,1552003,-0.163933834541102,2674,580,632044154,5228
2012/04/12,3,1537604,-0.00927768825189124,2674,575,633581758,5229
2012/04/13,5,3336941,1.17022133137011,2697,1237,636918699,5230
2012/04/14,4,5196148,0.557159086720443,2697,1927,642114847,5231
2012/04/15,4,3397160,-0.346215696704559,2697,1260,645512007,5232
2012/04/16,5,800934,-0.76423424272039,2697,297,646312941,5233
2012/04/17,5,893187,0.115181775277364,2697,331,647206128,5234
2012/04/18,5,704922,-0.210778929832163,2697,261,647911050,5235
2012/04/19,4,705155,0.000330533023511714,2697,261,648616205,5236
2012/04/20,8,1401409,0.987377243301118,2515,557,650017614,5237
2012/04/21,8,2160472,0.541642732421441,2515,859,652178086,5238
2012/04/22,8,1470676,-0.319280231356852,2515,585,653648762,5239
2012/04/23,9,366758,-0.75061944303164,2515,146,654015520,5240
2012/04/24,9,431618,0.176846858146244,2515,172,654447138,5241
2012/04/25,9,333088,-0.228280562905162,2515,132,654780226,5242
2012/04/26,9,375104,0.126140839657988,2515,149,655155330,5243
2012/04/27,-,515787,0.375050652619007,1409,366,655671117,5244
2012/04/28,-,848634,0.645318707140738,1409,602,656519751,5245
2012/04/29,-,549312,-0.352710355701044,1409,390,657069063,5246
2012/04/30,-,151136,-0.724863101479669,1409,107,657220199,5247
2012/05/01,-,184736,0.222316324370104,1409,131,657404935,5248
2012/05/02,-,150780,-0.183808245279751,1409,107,657555715,5249
2012/05/03,-,157647,0.0455431754874651,1409,112,657713362,5250
2012/05/04,-,96179,-0.389909100712351,333,289,657809541,5251
2012/05/05,-,147093,0.529367117562046,333,442,657956634,5252
2012/05/06,-,122062,-0.170171252200988,333,367,658078696,5253
2012/05/07,-,37048,-0.696482115646147,333,111,658115744,5254
2012/05/08,-,44667,0.205652126970417,333,134,658160411,5255
2012/05/09,-,38450,-0.139185528466205,333,115,658198861,5256
2012/05/10,-,45790,0.190897269180754,333,138,658244651,5257
2012/05/11,-,39850,-0.129722646866128,157,254,658284501,5258
2012/05/12,-,58778,0.474981179422836,157,374,658343279,5259
2012/05/13,-,59219,0.00750280717275165,157,377,658402498,5260
2012/05/14,-,17825,-0.698998632195748,157,114,658420323,5261
2012/05/15,-,20762,0.16476858345021,157,132,658441085,5262
2012/05/16,-,15463,-0.255225893459204,157,98,658456548,5263
2012/05/17,-,17292,0.118282351419517,157,110,658473840,5264
2012/05/18,-,13902,-0.196044413601665,70,199,658487742,5265
2012/05/19,-,20493,0.474104445403539,70,293,658508235,5266
2012/05/20,-,16188,-0.210071731810862,70,231,658524423,5267
2012/05/21,-,8128,-0.497899678774401,70,116,658532551,5268
2012/05/22,-,8152,0.00295275590551181,70,116,658540703,5269
2012/05/23,-,6287,-0.228778213935231,70,90,658546990,5270
2012/05/24,-,8789,0.39796405280738,70,126,658555779,5271
2012/05/25,-,8307,-0.0548412788713164,70,119,658564086,5272
2012/05/26,-,12606,0.517515348501264,42,300,658576692,5273
2012/05/27,-,12518,-0.00698080279232116,42,298,658589210,5274
2012/05/28,-,9586,-0.234222719284231,42,228,658598796,5275
2012/05/29,-,5075,-0.470582098894221,42,121,658603871,5276
2012/05/30,-,4505,-0.112315270935961,42,107,658608376,5277
2012/05/31,-,5163,0.146059933407325,42,123,658613539,5278
2012/06/01,-,10249,0.985086190199497,52,197,658623788,5279
2012/06/02,-,12882,0.25690311249878,52,248,658636670,5280
2012/06/03,-,10937,-0.150985871759044,52,210,658647607,5281
2012/06/04,-,6574,-0.398921093535704,52,126,658654181,5282
2012/06/05,-,6062,-0.0778825676909035,52,117,658660243,5283
2012/06/06,-,5904,-0.0260640052787858,52,114,658666147,5284
2012/06/07,-,6155,0.0425135501355014,52,118,658672302,5285